347525231658767361,
347533576218186752,
347525185370428416,
347525197517132801,
347525284934816768,
347525204118967296,
347524551661425664,
347525261572543489,
347525940227707905,
347525180152714241,
347525447799641088,
347524551418156032,
347529275286590467,
347525236398330881,
347529400805331970,
347525265993339904,
347525165883692032,
347525296427209728,
347525171436950529,
347525158627546113,
347525802352546816,
347525170983965696,
347525303280702464,
347525151740498944,
347525153879593984,
347525256480658432,
347525186326729728,
347525230509528064,
347525384683754497,
347525425762767872,
347532139123807234,
347525197500355585,
347525143284782081,
347525139149198337,
347531104447730695,
347525176637887489,
347534165828277262,
347525235265868801,
347528880166376453,
347527763508433926,
347533782997373956,
347525155045610497,
347525203615650816,
347530029967709193,
347525461137527809,
347525882522473472,
347525659779765248,
347525336256320513,
347525594273125377,
347525568536876032,
347525170774250496,
347525215695246337,
347525173173392385,
347526276325676032,
347525139971281920,
347525297660335104,
347525142244594688,
347525289540162560,
347525308842349568,
347525799550751744,
347525180949632001,
347525425083290625,
347525233781085184,
347525248578589696,
347525276755923968,
347525833407173632,
347533796310094855,
347528510589473796,
347525346087769088,
347525388156638208,
347525546214790145,
347531789411128331,
347525150666757121,
347525208690758656,
347527717211706368,
347525275363415041,
347525753312744448,
347525151790830592,
347525464123872256,
347526653125170176,
347525212784399361,
347534020688581632,
347525134652904448,
347525164843504640,
347525549628953601,
347525241146283008,
347525209974215680,
347531547760497664,
347530922976973834,
347525209269572608,
347533090710721536,
347525186343506944,
347525234015966208,
347525207298249728,
347525181377451009,
347525165573313536,
347525145759421440,
347525218195051520,
347525192400081921,
347529149398750215,
347525195847799808,
347525435543884800,
347525320385074176,
347528305957770240,
347528107483304970,
347525158216504320,
347525260700128257,
347533020061864967,
347531402016822285,
347525173282444288,
347526507700261888,
347525220485141504,
347525367872984064,
347525263938130944,
347525998570476544,
347525652792054784,
347525542750295040,
347530258892821506,
347525203498210305,
347532588199547920,
347525172259034113,
347525502115877888,
347525268493145089,
347525137001714688,
347525175866135552,
347533310425142285,
347525271513043969,
347526679851275265,
347525581807653888,
347525245952955393,
347532895088382983,
347525310620734464,
347525481698006016,
347525621695484929,
347529161159578632,
347525174263911424,
347525175513814017,
347525213925250048,
347525226239726592,
347530261568787461,
347525205813466113,
347532736417862668,
347525242471683072,
347528847022986255,
347525555626808321,
347526977638470656,
347529244424901635,
347525199731725312,
347525547447915521,
347532874183971848,
347525176461726720,
347525153367888896,
347525212683736064,
347527404207576065,
347531153286206472,
347525330375906304,
347525229771330560,
347525219142964225,
347525439293592576,
347529050018911245,
347525487175767040,
347534019925218306,
347529765273572358,
347525320007586816,
347525167301366785,
347525528951034880,
347525606528881664,
347525624061072385,
347526197103662080,
347525635805123584,
347525445341778944,
347525388475405312,
347525535871636480,
347525213044446208,
347525737089176576,
347526319837385728,
347525280203641856,
347525472487314433,
347526292020761600,
347525447229215744,
347526448980005888,
347525199907886081,
347525220124431360,
347525236306056192,
347526307027981312,
347525425611772928,
347532831318184970,
347526138467292160,
347525643421979648,
347525136632615936,
347526131160814592,
347525565231764480,
347525343495689216,
347525853263008768,
347530224172373004,
347527505961391104,
347530371644101637,
347526214468080640,
347525148242449409,
347531880662406147,
347530946179863565,
347525154726843392,
347525638120379392,
347529956785492992,
347524550000481280,
347525183323608064,
347525634127401984,
347525732861318144,
347525287073911808,
347525258997240832,
347525748095030272,
347525294590104577,
347532470658372614,
347530128374469635,
347525428052857856,
347530839778759686,
565648805450585089,
565658001906701313,
565648788438488065,
347524549497164800,
347525161186071552,
347525253821469696,
347530926391137290,
347525461296911360,
347531752241206272,
347525452706976769,
347525155196605440,
347531457725568007,
347525192307807233,
347527228273300480,
347529488927659023,
347525305461740545,
347533798826677256,
347525653060490240,
347527054696223744,
347525256036062208,
347530111907632130,
347525251346830336,
347525288583861248,
347525638992794624,
347530547150558225,
347525492812911617,
347525322725495809,
347525354333770753,
347525199261963265,
347525453159961600,
347525685029475328,
347527116444767233,
347528834574291975,
347525615664075776,
347529751214265344,
347528853255721987,
347525282661504001,
347526712390685696,
347525339502711809,
347526086852187136,
347525319697208321,
347532851937383433,
347526073002595329,
347525742994756608,
347528867063370773,
347526653485880320
